    5   -0.378 
  6   -0.089 
  7    0.300 
  8    0.711 
  9    1.311 
 10    1.444 
 11    1.444 
 12    0.889 
 13    1.856 
 14    2.100 
 15    2.067 
 16    2.178 
 17    1.833 
 18    1.367 
 19    1.878 
 20    1.067 
 21    0.722 
 22    0.178 
 23    0.444 
 24   -0.522 
 25   -1.378 
 26   -1.300 
 27   -0.833 
 28   -1.689 
 29   -1.800 
 30   -1.756 
 31   -1.722 
 32   -2.289 
 33   -1.289 
 34   -1.244 
 35   -1.067 
 36   -1.878 
 37   -1.922 
 38   -0.956 
 39   -0.956 
 40   -1.056 
 41   -1.344 
 42   -1.422 
 43   -0.533 
 44   -0.044 
 45    0.267 
 46    1.200 
 47    0.344 
 48    0.233 
 49    0.800 
 50    0.756 
 51   -0.056 
 52   -0.133 
 53    0.022 
 54   -0.289 
 55   -1.178 
 56   -1.222 
 57   -1.222 
 58   -2.033 
 59   -1.400 
 60   -0.589 
 61   -1.089 
 62   -1.356 
 63   -1.356 
 64   -1.356 
 65   -1.100 
 66   -0.989 
 67   -0.400 
 68   -0.644 
 69   -1.456 
 70   -0.956 
 71   -1.244 
 72   -0.956 
 73   -1.067 
 74   -1.322 
 75   -0.467 
 76   -0.356 
 77   -0.700 
 78    0.000 
 79    0.078 
 80    0.078 
 81   -0.322 
 82   -0.211 
 83    0.133 
 84   -0.422 
 85   -1.122 
 86   -0.311 
 87   -1.011 
 88   -1.589 
 89   -2.000 
 90   -1.000 
 91   -0.756 
 92   -0.200 
 93    0.311 
 94    1.200 
 95    1.200 
 96    2.011 
 97    2.511 
 98    2.922 
 99    2.733 
100    3.300 
101    3.256 
102    2.656 
103    2.656 
104    2.433 
105    1.911 
106    1.411 
107    1.967 
108    2.078 
109    1.267 
110    0.800 
111    0.589 
112   -0.411 
113   -1.000 
114   -0.978 
115   -0.978 
116   -1.022 
117   -1.833 
118   -1.833 
119   -2.222 
120   -2.222 
121   -2.111 
122   -2.111 
123   -1.756 
124   -2.067 
125   -2.022 
126   -2.022 
127   -1.211 
128   -0.278 
129   -0.278 
130   -0.278 
131   -0.278 
132   -1.056 
133   -1.167 
134   -1.211 
135   -1.256 
136   -2.033 
137   -2.678 
138   -2.678 
139   -2.678 
140   -2.333 
141   -2.222 
142   -2.222 
143   -2.444 
144   -1.544 
145   -0.767 
146   -1.011 
147   -0.311 
148    0.033 
149   -0.356 
150   -0.356 
151   -0.356 
152   -0.644 
153   -1.500 
154   -2.100 
155   -1.211 
156   -1.022 
157   -0.556 
158   -0.211 
159    0.033 
160    0.100 
161   -0.200 
162    0.400 
163    0.189 
164    0.156 
165    0.078 
166   -0.733 
167   -0.689 
168   -0.933 
169   -0.856 
170   -0.856 
171   -0.756 
172   -0.444 
173   -1.000 
174   -1.856 
175   -1.856 
176   -2.200 
177   -2.167 
178   -1.900 
179   -1.900 
180   -2.300 
181   -2.578 
182   -2.067 
183   -1.711 
184   -1.411 
185   -1.456 
186   -1.189 
187   -1.489 
188   -1.489 
189   -1.200 
190   -0.422 
191   -1.233 
192   -1.544 
193   -0.989 
194   -0.600 
195   -0.600 
196   -0.600 
197   -0.600 
198   -0.378 
199   -0.378 
200   -0.033 
201    0.633 
202   -0.189 
203    0.278 
204   -0.022 
205   -0.067 
206   -0.067 
207   -0.067 
208   -0.878 
209   -1.222 
210   -1.889 
211   -1.967 
212   -2.778 
213   -2.778 
214   -2.522 
215   -2.522 
216   -2.989 
217   -2.989 
218   -2.400 
219   -2.400 
220   -2.011 
221   -2.011 
222   -2.011 
223   -2.222 
224   -2.222 
225   -2.567 
226   -2.678 
227   -3.267 
228   -3.311 
229   -3.656 
230   -2.989 
231   -2.689 
232   -2.389 
233   -2.089 
234   -1.789 
235   -1.678 
236   -0.822 
237   -0.778 
238   -0.478 
239   -1.144 
240   -1.144 
241   -1.489 
242   -1.122 
243   -1.533 
244   -1.578 
245   -2.433 
246   -2.133 
247   -2.122 
248   -1.533 
249   -1.833 
250   -1.578 
251   -2.244 
252   -1.833 
253   -0.978 
254   -0.678 
255   -1.089 
256   -1.400 
257   -1.678 
258   -1.789 
259   -1.689 
260   -1.378 
261   -1.378 
262   -1.889 
263   -1.378 
264   -1.311 
265   -1.011 
266   -1.022 
267   -0.600 
268   -0.611 
269   -0.222 
270   -0.311 
271    0.278 
272   -0.233 
273    0.511 
274    0.167 
275    0.211 
276    0.200 
277    0.789 
278    0.089 
279    0.689 
280   -0.244 
281   -0.244 
282   -0.133 
283   -0.089 
284   -0.433 
285   -0.522 
286   -1.111 
287   -0.811 
288   -0.811 
289    0.044 
290   -0.222 
291   -0.144 
292   -0.144 
293    0.711 
294    0.800 
295    0.711 
296    0.722 
297   -0.133 
298   -0.644 
299   -0.378 
300   -1.267 
301   -0.456 
302   -1.311 
303   -1.022 
304   -1.233 
305   -0.689 
306   -0.644 
307   -0.633 
308   -0.933 
309   -0.933 
310   -1.156 
311   -0.911 
312   -1.200 
313   -1.200 
314   -1.844 
315   -1.144 
316   -1.567 
317   -1.322